0.5 3
0.5 2
0.5 3
0.5 4
0.5 4
0.5 3
0.5 4
0.5 1
0.5 2
0.5 3
0.5 3
0.5 1
0.5 4
0.5 3
0.5 1
0.5 2
0.5 3
0.5 3
0.5 3
0.5 2
0.5 3
0.5 1
0.5 2
0.5 3
0.5 3
0.5 3
0.5 4
0.5 3
0.5 3
0.5 3
0.5 2
0.5 2
0.5 2
0.5 3
0.5 3
0.5 2
0.5 4
0.5 1
0.5 3
0.5 2
0.5 4
0.5 3
0.5 2
0.5 1
0.5 2
0.5 3
0.5 4
0.5 4
0.5 2
0.5 3
0.5 3
0.5 1
0.5 4
0.5 2
0.5 4
0.5 4
0.5 3
0.5 2
0.5 4
0.5 2
0.5 2
0.5 3
0.5 3
0.5 3
0.5 3
0.5 2
0.5 1
0.5 4
0.5 4
0.5 2
0.5 1
0.5 1
0.5 1
0.5 1
0.5 4
0.5 3
0.5 3
0.5 4
0.5 3
0.5 2
0.5 3
0.5 4
0.5 3
0.5 4
0.5 2
0.5 1
0.5 1
0.5 2
0.5 3
0.5 3
0.5 2
0.5 3
0.5 3
0.5 2
0.5 3
0.5 4
0.5 2
0.5 3
0.5 5
0.5 3
0.387132 4
0.387132 3
0.387132 5
0.387132 6
0.387132 5
0.387132 4
0.387132 5
0.387132 2
0.387132 4
0.387132 4
0.387132 4
0.387132 2
0.387132 5
0.387132 4
0.387132 5
0.387132 3
0.387132 4
0.387132 4
0.387132 5
0.387132 4
0.387132 5
0.387132 4
0.387132 3
0.387132 5
0.387132 5
0.387132 5
0.387132 5
0.387132 4
0.387132 5
0.387132 4
0.387132 3
0.387132 4
0.387132 3
0.387132 5
0.387132 5
0.387132 3
0.387132 6
0.387132 4
0.387132 4
0.387132 3
0.387132 5
0.387132 5
0.387132 4
0.387132 3
0.387132 4
0.387132 5
0.387132 5
0.387132 5
0.387132 4
0.387132 5
0.387132 5
0.387132 2
0.387132 6
0.387132 4
0.387132 5
0.387132 5
0.387132 5
0.387132 3
0.387132 5
0.387132 4
0.387132 3
0.387132 5
0.387132 6
0.387132 5
0.387132 4
0.387132 4
0.387132 3
0.387132 5
0.387132 5
0.387132 4
0.387132 4
0.387132 4
0.387132 4
0.387132 2
0.387132 5
0.387132 4
0.387132 5
0.387132 5
0.387132 4
0.387132 5
0.387132 4
0.387132 5
0.387132 5
0.387132 6
0.387132 3
0.387132 2
0.387132 3
0.387132 4
0.387132 4
0.387132 5
0.387132 5
0.387132 5
0.387132 4
0.387132 3
0.387132 5
0.387132 5
0.387132 3
0.387132 5
0.387132 6
0.387132 5
0.299742 5
0.299742 6
0.299742 7
0.299742 7
0.299742 7
0.299742 6
0.299742 7
0.299742 6
0.299742 6
0.299742 6
0.299742 7
0.299742 6
0.299742 7
0.299742 5
0.299742 7
0.299742 5
0.299742 7
0.299742 6
0.299742 7
0.299742 7
0.299742 6
0.299742 7
0.299742 4
0.299742 6
0.299742 6
0.299742 5
0.299742 6
0.299742 4
0.299742 6
0.299742 5
0.299742 6
0.299742 6
0.299742 5
0.299742 7
0.299742 7
0.299742 5
0.299742 7
0.299742 6
0.299742 6
0.299742 6
0.299742 6
0.299742 6
0.299742 6
0.299742 6
0.299742 6
0.299742 7
0.299742 6
0.299742 6
0.299742 5
0.299742 7
0.299742 6
0.299742 5
0.299742 7
0.299742 6
0.299742 6
0.299742 6
0.299742 6
0.299742 7
0.299742 6
0.299742 6
0.299742 5
0.299742 7
0.299742 7
0.299742 7
0.299742 6
0.299742 6
0.299742 6
0.299742 7
0.299742 7
0.299742 4
0.299742 7
0.299742 6
0.299742 6
0.299742 6
0.299742 7
0.299742 7
0.299742 7
0.299742 7
0.299742 5
0.299742 6
0.299742 5
0.299742 6
0.299742 6
0.299742 7
0.299742 6
0.299742 5
0.299742 5
0.299742 5
0.299742 6
0.299742 6
0.299742 6
0.299742 6
0.299742 6
0.299742 7
0.299742 6
0.299742 7
0.299742 5
0.299742 7
0.299742 7
0.299742 7
0.232079 7
0.232079 8
0.232079 8
0.232079 7
0.232079 8
0.232079 8
0.232079 8
0.232079 8
0.232079 8
0.232079 7
0.232079 8
0.232079 9
0.232079 8
0.232079 6
0.232079 8
0.232079 7
0.232079 9
0.232079 8
0.232079 8
0.232079 8
0.232079 8
0.232079 8
0.232079 8
0.232079 7
0.232079 8
0.232079 8
0.232079 8
0.232079 6
0.232079 8
0.232079 8
0.232079 8
0.232079 7
0.232079 6
0.232079 8
0.232079 9
0.232079 7
0.232079 9
0.232079 8
0.232079 8
0.232079 8
0.232079 8
0.232079 7
0.232079 8
0.232079 8
0.232079 6
0.232079 8
0.232079 7
0.232079 7
0.232079 8
0.232079 8
0.232079 8
0.232079 7
0.232079 8
0.232079 8
0.232079 8
0.232079 7
0.232079 8
0.232079 8
0.232079 8
0.232079 8
0.232079 7
0.232079 8
0.232079 8
0.232079 9
0.232079 7
0.232079 8
0.232079 8
0.232079 8
0.232079 7
0.232079 6
0.232079 9
0.232079 7
0.232079 9
0.232079 7
0.232079 9
0.232079 8
0.232079 8
0.232079 8
0.232079 7
0.232079 8
0.232079 8
0.232079 8
0.232079 8
0.232079 7
0.232079 9
0.232079 7
0.232079 7
0.232079 5
0.232079 6
0.232079 8
0.232079 8
0.232079 8
0.232079 8
0.232079 8
0.232079 7
0.232079 8
0.232079 8
0.232079 8
0.232079 8
0.232079 8
0.179691 9
0.179691 9
0.179691 10
0.179691 9
0.179691 9
0.179691 10
0.179691 10
0.179691 9
0.179691 10
0.179691 9
0.179691 10
0.179691 10
0.179691 10
0.179691 9
0.179691 10
0.179691 10
0.179691 10
0.179691 10
0.179691 9
0.179691 10
0.179691 10
0.179691 10
0.179691 10
0.179691 9
0.179691 10
0.179691 10
0.179691 9
0.179691 8
0.179691 9
0.179691 9
