0.3 2
0.3 1
0.3 2
0.3 1
0.3 1
0.3 1
0.3 2
0.3 2
0.3 1
0.3 1
0.3 1
0.3 1
0.3 1
0.3 1
0.3 2
0.3 1
0.3 1
0.3 1
0.3 1
0.3 1
0.3 1
0.3 1
0.3 2
0.3 1
0.3 1
0.3 2
0.3 1
0.3 1
0.3 2
0.3 1
0.3 1
0.3 1
0.3 1
0.3 1
0.3 1
0.3 1
0.3 1
0.3 1
0.3 1
0.3 1
0.3 1
0.3 1
0.3 1
0.3 1
0.3 1
0.3 2
0.3 2
0.3 1
0.3 2
0.3 1
0.3 1
0.3 1
0.3 1
0.3 2
0.3 1
0.3 1
0.3 1
0.3 1
0.3 1
0.3 2
0.3 1
0.3 1
0.3 1
0.3 1
0.3 2
0.3 1
0.3 1
0.3 1
0.3 1
0.3 1
0.3 1
0.3 2
0.3 1
0.3 1
0.3 1
0.3 2
0.3 2
0.3 2
0.3 2
0.3 1
0.3 2
0.3 1
0.3 1
0.3 1
0.3 1
0.3 1
0.3 1
0.3 1
0.3 1
0.3 1
0.3 1
0.3 1
0.3 1
0.3 1
0.3 1
0.3 1
0.3 1
0.3 1
0.3 1
0.3 2
0.095425 5
0.095425 3
0.095425 2
0.095425 4
0.095425 5
0.095425 6
0.095425 5
0.095425 7
0.095425 3
0.095425 4
0.095425 4
0.095425 7
0.095425 7
0.095425 5
0.095425 5
0.095425 5
0.095425 6
0.095425 5
0.095425 5
0.095425 5
0.095425 5
0.095425 6
0.095425 5
0.095425 3
0.095425 5
0.095425 7
0.095425 3
0.095425 4
0.095425 7
0.095425 4
0.095425 4
0.095425 5
0.095425 4
0.095425 5
0.095425 5
0.095425 5
0.095425 4
0.095425 3
0.095425 6
0.095425 4
0.095425 5
0.095425 5
0.095425 4
0.095425 7
0.095425 6
0.095425 5
0.095425 5
0.095425 6
0.095425 5
0.095425 6
0.095425 1
0.095425 6
0.095425 6
0.095425 7
0.095425 6
0.095425 8
0.095425 4
0.095425 6
0.095425 6
0.095425 5
0.095425 6
0.095425 4
0.095425 4
0.095425 5
0.095425 2
0.095425 3
0.095425 6
0.095425 4
0.095425 5
0.095425 6
0.095425 3
0.095425 2
0.095425 7
0.095425 3
0.095425 1
0.095425 7
0.095425 2
0.095425 3
0.095425 3
0.095425 7
0.095425 2
0.095425 6
0.095425 3
0.095425 6
0.095425 6
0.095425 3
0.095425 1
0.095425 4
0.095425 6
0.095425 4
0.095425 4
0.095425 3
0.095425 4
0.095425 6
0.095425 4
0.095425 3
0.095425 5
0.095425 5
0.095425 6
0.095425 7
0.030353 9
0.030353 11
0.030353 14
0.030353 10
0.030353 8
0.030353 12
0.030353 11
0.030353 12
0.030353 11
0.030353 10
0.030353 9
0.030353 9
0.030353 10
0.030353 12
0.030353 10
0.030353 12
0.030353 8
0.030353 11
0.030353 5
0.030353 5
0.030353 9
0.030353 9
0.030353 10
0.030353 12
0.030353 13
0.030353 10
0.030353 12
0.030353 12
0.030353 7
0.030353 12
0.030353 9
0.030353 10
0.030353 13
0.030353 12
0.030353 13
0.030353 10
0.030353 12
0.030353 9
0.030353 7
0.030353 12
0.030353 10
0.030353 12
0.030353 11
0.030353 14
0.030353 9
0.030353 11
0.030353 10
0.030353 12
0.030353 10
0.030353 6
0.030353 13
0.030353 11
0.030353 11
0.030353 10
0.030353 8
0.030353 8
0.030353 11
0.030353 10
0.030353 12
0.030353 10
0.030353 11
0.030353 4
0.030353 10
0.030353 9
0.030353 15
0.030353 11
0.030353 11
0.030353 9
0.030353 12
0.030353 13
0.030353 11
0.030353 12
0.030353 7
0.030353 12
0.030353 13
0.030353 10
0.030353 12
0.030353 12
0.030353 11
0.030353 7
0.030353 10
0.030353 7
0.030353 8
0.030353 11
0.030353 9
0.030353 3
0.030353 13
0.030353 12
0.030353 10
0.030353 10
0.030353 13
0.030353 13
0.030353 11
0.030353 8
0.030353 10
0.030353 11
0.030353 12
0.030353 10
0.030353 7
0.030353 10
0.009655 10
0.009655 17
0.009655 16
0.009655 10
0.009655 11
0.009655 13
0.009655 18
0.009655 16
0.009655 17
0.009655 14
0.009655 15
0.009655 14
0.009655 13
0.009655 15
0.009655 14
0.009655 13
0.009655 15
0.009655 14
0.009655 14
0.009655 16
0.009655 17
0.009655 16
0.009655 16
0.009655 13
0.009655 15
0.009655 17
0.009655 15
0.009655 17
0.009655 15
0.009655 16
0.009655 15
0.009655 17
0.009655 14
0.009655 14
0.009655 15
0.009655 15
0.009655 18
0.009655 14
0.009655 14
0.009655 17
0.009655 10
0.009655 13
0.009655 14
0.009655 16
0.009655 14
0.009655 16
0.009655 18
0.009655 15
0.009655 15
0.009655 13
0.009655 17
0.009655 14
0.009655 16
0.009655 15
0.009655 17
0.009655 11
0.009655 16
0.009655 13
0.009655 15
0.009655 11
0.009655 18
0.009655 17
0.009655 11
0.009655 16
0.009655 18
0.009655 15
0.009655 17
0.009655 15
0.009655 17
0.009655 16
0.009655 15
0.009655 13
0.009655 16
0.009655 18
0.009655 16
0.009655 17
0.009655 18
0.009655 16
0.009655 15
0.009655 14
0.009655 15
0.009655 15
0.009655 15
0.009655 18
0.009655 15
0.009655 3
0.009655 17
0.009655 16
0.009655 10
0.009655 10
0.009655 14
0.009655 14
0.009655 14
0.009655 12
0.009655 17
0.009655 18
0.009655 15
0.009655 13
0.009655 10
0.009655 13
0.003071 20
0.003071 22
0.003071 22
0.003071 21
0.003071 11
0.003071 21
0.003071 18
0.003071 21
0.003071 20
0.003071 21
0.003071 22
0.003071 19
0.003071 20
0.003071 20
0.003071 20
0.003071 21
0.003071 23
0.003071 22
0.003071 21
0.003071 17
0.003071 22
0.003071 19
0.003071 17
0.003071 21
0.003071 22
0.003071 18
0.003071 21
0.003071 20
0.003071 18
0.003071 18
0.003071 19
0.003071 21
0.003071 21
0.003071 22
0.003071 21
0.003071 19
0.003071 21
0.003071 14
0.003071 17
0.003071 20
0.003071 21
0.003071 20
0.003071 21
0.003071 20
0.003071 15
0.003071 22
0.003071 21
0.003071 20
0.003071 18
0.003071 19
0.003071 21
0.003071 21
0.003071 22
0.003071 21
0.003071 20
0.003071 17
0.003071 16
0.003071 19
0.003071 18
0.003071 22
0.003071 20
0.003071 20
0.003071 21
0.003071 21
0.003071 22
0.003071 21
0.003071 22
0.003071 19
0.003071 20
0.003071 19
0.003071 22
0.003071 21
0.003071 21
0.003071 21
0.003071 21
0.003071 20
0.003071 20
0.003071 19
0.003071 20
0.003071 19
0.003071 19
0.003071 20
0.003071 20
0.003071 22
0.003071 21
0.003071 21
0.003071 22
0.003071 21
0.003071 21
0.003071 20
0.003071 20
0.003071 20
0.003071 20
0.003071 19
0.003071 19
0.003071 20
0.003071 19
0.003071 22
0.003071 20
0.003071 19
0.000977 26
0.000977 28
0.000977 29
0.000977 27
0.000977 27
0.000977 27
0.000977 26
0.000977 28
0.000977 28
0.000977 26
0.000977 28
0.000977 23
0.000977 27
0.000977 25
0.000977 26
0.000977 24
0.000977 28
0.000977 28
0.000977 29
0.000977 29
0.000977 28
0.000977 23
0.000977 26
0.000977 28
0.000977 30
0.000977 28
0.000977 26
0.000977 28
0.000977 24
0.000977 24
0.000977 24
0.000977 27
0.000977 25
0.000977 27
0.000977 29
0.000977 28
0.000977 28
0.000977 22
0.000977 27
0.000977 28
0.000977 28
0.000977 25
0.000977 26
0.000977 29
0.000977 26
0.000977 25
0.000977 27
0.000977 27
0.000977 24
0.000977 25
0.000977 28
0.000977 25
0.000977 28
0.000977 28
0.000977 27
0.000977 25
0.000977 27
0.000977 27
0.000977 26
0.000977 24
0.000977 28
0.000977 27
0.000977 24
0.000977 28
0.000977 28
0.000977 26
0.000977 26
0.000977 27
0.000977 28
0.000977 24
0.000977 26
0.000977 25
0.000977 27
0.000977 25
0.000977 23
0.000977 27
0.000977 26
0.000977 26
0.000977 26
0.000977 27
0.000977 27
0.000977 24
0.000977 24
0.000977 24
0.000977 22
0.000977 23
0.000977 27
0.000977 29
0.000977 27
0.000977 25
0.000977 24
0.000977 28
0.000977 25
0.000977 21
0.000977 27
0.000977 27
0.000977 23
0.000977 27
0.000977 21
0.000977 27
0.000311 100
0.000311 100
0.000311 100
0.000311 100
0.000311 100
0.000311 100
0.000311 100
0.000311 100
0.000311 100
0.000311 100
0.000311 100
0.000311 100
0.000311 100
3.1e-05 48
