0.5 1
0.5 2
0.5 2
0.5 1
0.5 2
0.5 1
0.5 2
0.5 3
0.5 1
0.5 2
0.5 2
0.5 2
0.5 2
0.5 2
0.5 2
0.5 2
0.5 2
0.5 3
0.5 1
0.5 2
0.5 2
0.5 2
0.5 2
0.5 1
0.5 2
0.5 2
0.5 2
0.5 3
0.5 1
0.5 1
0.5 1
0.5 1
0.5 3
0.5 2
0.5 2
0.5 2
0.5 1
0.5 3
0.5 2
0.5 1
0.5 1
0.5 1
0.5 2
0.5 3
0.5 2
0.5 2
0.5 2
0.5 3
0.5 1
0.5 2
0.5 3
0.5 1
0.5 2
0.5 2
0.5 2
0.5 1
0.5 2
0.5 1
0.5 2
0.5 2
0.5 1
0.5 2
0.5 1
0.5 3
0.5 1
0.5 2
0.5 1
0.5 3
0.5 1
0.5 2
0.5 1
0.5 2
0.5 1
0.5 2
0.5 2
0.5 1
0.5 1
0.5 2
0.5 2
0.5 2
0.5 2
0.5 2
0.5 2
0.5 3
0.5 2
0.5 2
0.5 2
0.5 2
0.5 1
0.5 1
0.5 1
0.5 2
0.5 1
0.5 2
0.5 1
0.5 1
0.5 2
0.5 1
0.5 2
0.5 2
0.387298 2
0.387298 3
0.387298 3
0.387298 2
0.387298 3
0.387298 3
0.387298 4
0.387298 4
0.387298 3
0.387298 4
0.387298 3
0.387298 3
0.387298 3
0.387298 3
0.387298 3
0.387298 3
0.387298 3
0.387298 4
0.387298 2
0.387298 3
0.387298 3
0.387298 4
0.387298 4
0.387298 2
0.387298 3
0.387298 3
0.387298 3
0.387298 4
0.387298 2
0.387298 3
0.387298 3
0.387298 2
0.387298 4
0.387298 4
0.387298 4
0.387298 3
0.387298 2
0.387298 4
0.387298 3
0.387298 2
0.387298 2
0.387298 3
0.387298 3
0.387298 4
0.387298 3
0.387298 2
0.387298 4
0.387298 4
0.387298 2
0.387298 4
0.387298 4
0.387298 2
0.387298 3
0.387298 3
0.387298 4
0.387298 2
0.387298 4
0.387298 2
0.387298 3
0.387298 3
0.387298 2
0.387298 3
0.387298 2
0.387298 4
0.387298 3
0.387298 3
0.387298 2
0.387298 4
0.387298 2
0.387298 4
0.387298 2
0.387298 3
0.387298 2
0.387298 4
0.387298 3
0.387298 3
0.387298 3
0.387298 3
0.387298 4
0.387298 4
0.387298 4
0.387298 3
0.387298 4
0.387298 4
0.387298 3
0.387298 3
0.387298 3
0.387298 4
0.387298 2
0.387298 3
0.387298 2
0.387298 4
0.387298 2
0.387298 3
0.387298 1
0.387298 3
0.387298 3
0.387298 2
0.387298 4
0.387298 4
0.3 3
0.3 4
0.3 5
0.3 4
0.3 5
0.3 5
0.3 5
0.3 5
0.3 5
0.3 5
0.3 3
0.3 4
0.3 4
0.3 6
0.3 4
0.3 4
0.3 5
0.3 5
0.3 5
0.3 4
0.3 4
0.3 4
0.3 6
0.3 4
0.3 5
0.3 3
0.3 4
0.3 5
0.3 2
0.3 5
0.3 5
0.3 4
0.3 4
0.3 5
0.3 4
0.3 4
0.3 3
0.3 5
0.3 5
0.3 4
0.3 3
0.3 5
0.3 4
0.3 5
0.3 4
0.3 5
0.3 4
0.3 5
0.3 3
0.3 5
0.3 5
0.3 3
0.3 3
0.3 3
0.3 5
0.3 5
0.3 5
0.3 3
0.3 4
0.3 5
0.3 4
0.3 4
0.3 5
0.3 5
0.3 5
0.3 5
0.3 4
0.3 5
0.3 4
0.3 4
0.3 5
0.3 5
0.3 5
0.3 5
0.3 4
0.3 4
0.3 5
0.3 4
0.3 5
0.3 5
0.3 5
0.3 5
0.3 5
0.3 5
0.3 4
0.3 4
0.3 4
0.3 5
0.3 4
0.3 5
0.3 3
0.3 5
0.3 4
0.3 5
0.3 4
0.3 4
0.3 4
0.3 4
0.3 5
0.3 5
