0.3 2
0.3 2
0.3 2
0.3 2
0.3 2
0.3 1
0.3 2
0.3 3
0.3 1
0.3 2
0.3 3
0.3 2
0.3 3
0.3 3
0.3 2
0.3 2
0.3 2
0.3 3
0.3 2
0.3 1
0.3 3
0.3 2
0.3 2
0.3 2
0.3 2
0.3 3
0.3 3
0.3 3
0.3 2
0.3 3
0.3 2
0.3 1
0.3 1
0.3 1
0.3 3
0.3 3
0.3 2
0.3 2
0.3 2
0.3 1
0.3 3
0.3 2
0.3 2
0.3 1
0.3 2
0.3 3
0.3 3
0.3 3
0.3 1
0.3 2
0.3 2
0.3 2
0.3 3
0.3 3
0.3 2
0.3 3
0.3 2
0.3 1
0.3 1
0.3 3
0.3 2
0.3 2
0.3 2
0.3 2
0.3 3
0.3 3
0.3 3
0.3 2
0.3 2
0.3 2
0.3 4
0.3 2
0.3 2
0.3 2
0.3 2
0.3 1
0.3 2
0.3 1
0.3 2
0.3 3
0.3 3
0.3 3
0.3 2
0.3 2
0.3 2
0.3 3
0.3 3
0.3 2
0.3 1
0.3 2
0.3 2
0.3 2
0.3 2
0.3 2
0.3 2
0.3 2
0.3 1
0.3 3
0.3 2
0.3 3
0.245844 2
0.245844 2
0.245844 3
0.245844 3
0.245844 4
0.245844 3
0.245844 4
0.245844 3
0.245844 4
0.245844 3
0.245844 3
0.245844 2
0.245844 4
0.245844 3
0.245844 2
0.245844 3
0.245844 2
0.245844 4
0.245844 2
0.245844 2
0.245844 4
0.245844 3
0.245844 2
0.245844 4
0.245844 2
0.245844 3
0.245844 4
0.245844 3
0.245844 2
0.245844 3
0.245844 2
0.245844 3
0.245844 1
0.245844 1
0.245844 3
0.245844 3
0.245844 2
0.245844 3
0.245844 2
0.245844 1
0.245844 4
0.245844 4
0.245844 4
0.245844 2
0.245844 3
0.245844 3
0.245844 4
0.245844 3
0.245844 1
0.245844 3
0.245844 2
0.245844 3
0.245844 3
0.245844 3
0.245844 3
0.245844 4
0.245844 3
0.245844 1
0.245844 1
0.245844 3
0.245844 3
0.245844 2
0.245844 3
0.245844 3
0.245844 4
0.245844 4
0.245844 3
0.245844 3
0.245844 3
0.245844 3
0.245844 4
0.245844 2
0.245844 3
0.245844 4
0.245844 3
0.245844 2
0.245844 3
0.245844 3
0.245844 2
0.245844 3
0.245844 4
0.245844 3
0.245844 3
0.245844 2
0.245844 3
0.245844 4
0.245844 3
0.245844 3
0.245844 3
0.245844 2
0.245844 3
0.245844 2
0.245844 4
0.245844 4
0.245844 2
0.245844 2
0.245844 2
0.245844 3
0.245844 3
0.245844 3
0.201465 4
0.201465 2
0.201465 4
0.201465 5
0.201465 4
0.201465 5
0.201465 5
0.201465 5
0.201465 5
0.201465 3
0.201465 3
0.201465 3
0.201465 5
0.201465 4
0.201465 2
0.201465 3
0.201465 4
0.201465 5
0.201465 5
0.201465 2
0.201465 4
0.201465 4
0.201465 5
0.201465 4
0.201465 5
0.201465 4
0.201465 5
0.201465 4
0.201465 4
0.201465 3
0.201465 4
0.201465 4
0.201465 4
0.201465 4
0.201465 3
0.201465 3
0.201465 2
0.201465 5
0.201465 4
0.201465 1
0.201465 4
0.201465 4
0.201465 4
0.201465 3
0.201465 3
0.201465 4
0.201465 4
0.201465 3
0.201465 3
0.201465 4
0.201465 5
0.201465 3
0.201465 4
0.201465 4
0.201465 5
0.201465 5
0.201465 4
0.201465 4
0.201465 3
0.201465 3
0.201465 4
0.201465 4
0.201465 3
0.201465 3
0.201465 4
0.201465 4
0.201465 3
0.201465 5
0.201465 4
0.201465 4
0.201465 4
0.201465 2
0.201465 4
0.201465 5
0.201465 5
0.201465 3
0.201465 3
0.201465 4
0.201465 2
0.201465 5
0.201465 5
0.201465 3
0.201465 4
0.201465 4
0.201465 4
0.201465 4
0.201465 4
0.201465 4
0.201465 5
0.201465 4
0.201465 3
0.201465 3
0.201465 5
0.201465 4
0.201465 4
0.201465 2
0.201465 2
0.201465 3
0.201465 3
0.201465 3
0.165096 5
0.165096 5
0.165096 4
0.165096 5
0.165096 4
0.165096 5
0.165096 5
0.165096 6
0.165096 5
0.165096 4
0.165096 5
0.165096 4
0.165096 5
0.165096 4
0.165096 5
0.165096 5
0.165096 4
0.165096 5
0.165096 5
0.165096 3
0.165096 4
0.165096 4
0.165096 5
0.165096 4
0.165096 5
0.165096 6
0.165096 5
0.165096 5
0.165096 5
0.165096 3
0.165096 5
0.165096 5
0.165096 5
0.165096 5
0.165096 4
0.165096 6
0.165096 2
0.165096 5
0.165096 4
0.165096 4
0.165096 4
0.165096 6
0.165096 4
0.165096 3
0.165096 4
0.165096 4
0.165096 5
0.165096 5
0.165096 3
0.165096 5
0.165096 6
0.165096 3
0.165096 5
0.165096 5
0.165096 5
0.165096 6
0.165096 4
0.165096 4
0.165096 5
0.165096 5
0.165096 5
0.165096 4
0.165096 5
0.165096 4
0.165096 4
0.165096 4
0.165096 4
0.165096 5
0.165096 5
0.165096 6
0.165096 5
0.165096 2
0.165096 5
0.165096 5
0.165096 5
0.165096 3
0.165096 5
0.165096 5
0.165096 4
0.165096 5
0.165096 5
0.165096 3
0.165096 4
0.165096 5
0.165096 4
0.165096 5
0.165096 4
0.165096 4
0.165096 5
0.165096 4
0.165096 4
0.165096 5
0.165096 5
0.165096 4
0.165096 5
0.165096 5
0.165096 2
0.165096 3
0.165096 5
0.165096 3
0.135293 5
0.135293 5
0.135293 5
0.135293 7
0.135293 7
0.135293 6
0.135293 6
0.135293 6
0.135293 6
0.135293 4
0.135293 6
0.135293 4
0.135293 6
0.135293 5
0.135293 5
0.135293 5
0.135293 5
0.135293 5
0.135293 6
0.135293 3
0.135293 5
0.135293 7
0.135293 5
0.135293 7
0.135293 5
0.135293 6
0.135293 7
0.135293 6
0.135293 5
0.135293 3
0.135293 6
0.135293 6
0.135293 5
0.135293 5
0.135293 4
0.135293 6
0.135293 6
0.135293 6
0.135293 4
0.135293 6
0.135293 4
0.135293 6
0.135293 7
0.135293 6
0.135293 4
0.135293 4
0.135293 5
0.135293 6
0.135293 5
0.135293 5
0.135293 6
0.135293 6
0.135293 6
0.135293 7
0.135293 6
0.135293 6
0.135293 5
0.135293 7
0.135293 5
0.135293 5
0.135293 6
0.135293 5
0.135293 5
0.135293 4
0.135293 5
0.135293 4
0.135293 6
0.135293 6
0.135293 5
0.135293 6
0.135293 6
0.135293 5
0.135293 5
0.135293 5
0.135293 5
0.135293 3
0.135293 6
0.135293 6
0.135293 5
0.135293 5
0.135293 5
0.135293 3
0.135293 5
0.135293 5
0.135293 5
0.135293 6
0.135293 6
0.135293 4
0.135293 6
0.135293 5
0.135293 6
0.135293 5
0.135293 5
0.135293 6
0.135293 6
0.135293 6
0.135293 5
0.135293 4
0.135293 6
0.135293 5
0.11087 6
0.11087 5
0.11087 7
0.11087 7
0.11087 8
0.11087 6
0.11087 6
0.11087 6
0.11087 6
0.11087 6
0.11087 6
0.11087 6
0.11087 6
0.11087 6
0.11087 7
0.11087 7
0.11087 6
0.11087 5
0.11087 6
0.11087 6
0.11087 7
0.11087 8
0.11087 5
0.11087 7
0.11087 8
0.11087 7
0.11087 7
0.11087 6
0.11087 6
0.11087 3
0.11087 6
0.11087 7
0.11087 6
0.11087 5
0.11087 5
0.11087 6
0.11087 7
0.11087 7
0.11087 6
0.11087 6
0.11087 5
0.11087 7
0.11087 7
0.11087 7
0.11087 7
0.11087 4
0.11087 8
0.11087 6
0.11087 6
0.11087 5
0.11087 6
0.11087 6
0.11087 6
0.11087 8
0.11087 6
0.11087 6
0.11087 6
0.11087 7
0.11087 6
0.11087 5
0.11087 6
0.11087 6
0.11087 5
0.11087 7
0.11087 7
0.11087 8
0.11087 7
0.11087 7
0.11087 7
0.11087 6
0.11087 7
0.11087 7
0.11087 7
0.11087 5
0.11087 8
0.11087 6
0.11087 6
0.11087 6
0.11087 5
0.11087 6
0.11087 6
0.11087 6
0.11087 6
0.11087 7
0.11087 7
0.11087 6
0.11087 6
0.11087 7
0.11087 6
0.11087 5
0.11087 6
0.11087 7
0.11087 8
0.11087 6
0.11087 6
0.11087 6
0.11087 6
0.11087 6
0.11087 8
0.11087 5
0.090856 7
0.090856 5
0.090856 7
0.090856 8
0.090856 8
0.090856 8
0.090856 8
0.090856 6
0.090856 8
0.090856 6
0.090856 7
0.090856 7
0.090856 6
0.090856 7
0.090856 8
0.090856 8
0.090856 7
0.090856 5
0.090856 8
0.090856 6
0.090856 9
0.090856 8
0.090856 7
0.090856 7
0.090856 8
0.090856 8
0.090856 7
0.090856 6
0.090856 6
0.090856 3
0.090856 7
0.090856 7
0.090856 6
0.090856 6
0.090856 5
0.090856 8
0.090856 7
0.090856 7
0.090856 6
0.090856 8
0.090856 5
0.090856 7
0.090856 7
0.090856 8
0.090856 7
0.090856 8
0.090856 9
0.090856 6
0.090856 7
0.090856 7
0.090856 6
0.090856 6
0.090856 6
0.090856 8
0.090856 6
0.090856 8
0.090856 6
0.090856 7
0.090856 7
0.090856 5
0.090856 7
0.090856 7
0.090856 7
0.090856 8
0.090856 8
0.090856 8
0.090856 7
0.090856 7
0.090856 7
0.090856 6
0.090856 9
0.090856 7
0.090856 7
0.090856 7
0.090856 8
0.090856 6
0.090856 6
0.090856 8
0.090856 7
0.090856 7
0.090856 8
0.090856 8
0.090856 8
0.090856 8
0.090856 8
0.090856 6
0.090856 6
0.090856 7
0.090856 6
0.090856 9
0.090856 6
0.090856 8
0.090856 8
0.090856 7
0.090856 7
0.090856 7
0.090856 7
0.090856 8
0.090856 8
0.090856 7
0.074455 8
0.074455 5
0.074455 8
0.074455 8
0.074455 9
0.074455 9
0.074455 8
0.074455 6
0.074455 8
0.074455 9
0.074455 9
0.074455 8
0.074455 9
0.074455 8
0.074455 9
0.074455 9
0.074455 7
0.074455 9
0.074455 8
0.074455 6
0.074455 9
0.074455 8
0.074455 9
0.074455 7
0.074455 8
0.074455 9
0.074455 8
0.074455 9
0.074455 8
0.074455 9
0.074455 8
0.074455 9
0.074455 9
0.074455 8
0.074455 8
0.074455 9
0.074455 7
0.074455 7
0.074455 8
0.074455 9
0.074455 9
0.074455 7
0.074455 7
0.074455 9
0.074455 7
0.074455 8
0.074455 9
0.074455 6
0.074455 7
0.074455 8
0.074455 9
0.074455 6
0.074455 7
0.074455 9
0.074455 7
0.074455 9
0.074455 6
0.074455 8
0.074455 7
0.074455 5
0.074455 9
0.074455 7
0.074455 9
0.074455 8
0.074455 8
0.074455 8
0.074455 9
0.074455 7
0.074455 8
0.074455 9
0.074455 9
0.074455 7
0.074455 8
0.074455 8
0.074455 9
0.074455 7
0.074455 8
0.074455 8
0.074455 7
0.074455 7
0.074455 8
0.074455 8
0.074455 9
0.074455 8
0.074455 9
0.074455 8
0.074455 6
0.074455 8
0.074455 6
0.074455 9
0.074455 8
0.074455 8
0.074455 9
0.074455 7
0.074455 8
0.074455 8
0.074455 7
0.074455 9
0.074455 8
0.074455 9
0.061014 8
0.061014 9
0.061014 9
0.061014 9
0.061014 10
0.061014 9
0.061014 8
0.061014 6
0.061014 8
0.061014 9
0.061014 9
0.061014 8
0.061014 9
0.061014 10
0.061014 10
0.061014 9
0.061014 9
0.061014 9
0.061014 8
0.061014 9
0.061014 9
0.061014 10
0.061014 9
0.061014 9
0.061014 9
0.061014 9
0.061014 9
0.061014 9
0.061014 8
0.061014 9
0.061014 8
0.061014 10
0.061014 9
0.061014 9
0.061014 8
0.061014 9
0.061014 8
0.061014 9
0.061014 9
0.061014 10
0.061014 9
0.061014 7
0.061014 8
0.061014 9
0.061014 7
0.061014 10
0.061014 9
0.061014 8
0.061014 9
0.061014 8
0.061014 10
0.061014 9
0.061014 7
0.061014 9
0.061014 9
0.061014 9
0.061014 7
0.061014 9
0.061014 8
0.061014 9
0.061014 9
0.061014 7
0.061014 9
0.061014 8
0.061014 9
0.061014 10
0.061014 9
0.061014 7
0.061014 9
0.061014 9
0.061014 10
0.061014 9
0.061014 9
0.061014 9
0.061014 9
0.061014 9
0.061014 8
0.061014 8
0.061014 9
0.061014 7
0.061014 8
0.061014 9
0.061014 9
0.061014 8
0.061014 9
0.061014 9
0.061014 10
0.061014 8
0.061014 9
0.061014 9
0.061014 8
0.061014 9
0.061014 9
0.061014 8
0.061014 9
0.061014 8
0.061014 10
0.061014 9
0.061014 9
0.061014 10
0.05 8
0.05 10
0.05 9
0.05 10
0.05 10
0.05 10
0.05 10
0.05 100
0.05 8
0.05 9
0.05 9
0.05 10
0.05 10
0.05 10
0.05 10
0.05 10
0.05 10
0.05 10
0.05 9
0.05 10
0.05 100
0.05 10
0.05 9
0.05 9
0.05 9
0.05 9
0.05 10
0.05 9
0.05 100
0.05 10
0.05 9
0.05 10
0.05 9
0.05 10
0.05 8
0.05 10
0.05 9
0.05 10
0.05 10
0.05 10
0.05 9
0.05 9
0.05 9
0.05 100
0.05 7
0.05 10
0.05 9
0.05 100
0.05 100
0.05 100
0.05 10
0.05 10
0.05 10
0.05 10
0.05 9
0.05 100
0.05 10
0.05 100
0.05 10
0.05 9
0.05 10
0.05 7
0.05 9
0.05 10
0.05 9
0.05 10
0.05 9
0.05 100
0.05 9
0.05 10
0.05 10
0.05 100
0.05 100
0.05 10
0.05 100
0.05 100
0.05 8
0.05 9
0.05 100
0.05 7
0.05 10
0.05 100
0.05 9
0.05 8
0.05 10
0.05 100
0.05 10
0.05 8
0.05 9
0.05 9
0.05 10
0.05 10
0.05 100
0.05 100
0.05 9
0.05 9
0.05 10
0.05 10
0.05 9
0.05 10
